import numpy as np

distance_matrix = np.array([
    [ 0, 34, 12, 25, 47, 23, 14, 42, 36, 15, 10, 28, 41, 37, 21],
    [34,  0, 18, 29, 40, 44, 35,  9, 48, 16, 11, 38, 27, 30, 24],
    [12, 18,  0, 31, 26, 19, 43, 32, 17, 39, 45, 46, 22, 50, 33],
    [25, 29, 31,  0, 49, 24, 13, 41, 20, 27, 16,  8,  9, 44, 48],
    [47, 40, 26, 49,  0, 37, 14, 30, 28, 21, 15, 11, 38, 23, 36],
    [23, 44, 19, 24, 37,  0, 42, 13, 17, 34, 48, 22, 29, 46, 45],
    [14, 35, 43, 13, 14, 42,  0, 25, 18, 39, 32, 31, 26, 47, 22],
    [42,  9, 32, 41, 30, 13, 25,  0, 20, 33, 40, 50, 38, 27, 29],
    [36, 48, 17, 20, 28, 17, 18, 20,  0, 26, 31, 14, 45, 12, 34],
    [15, 16, 39, 27, 21, 34, 39, 33, 26,  0, 24, 49, 46, 38, 14],
    [10, 11, 45, 16, 15, 48, 32, 40, 31, 24,  0, 21, 50, 19, 43],
    [28, 38, 46,  8, 11, 22, 31, 50, 14, 49, 21,  0, 35, 32, 17],
    [41, 27, 22,  9, 38, 29, 26, 38, 45, 46, 50, 35,  0, 19, 30],
    [37, 30, 50, 44, 23, 46, 47, 27, 12, 38, 19, 32, 19,  0, 25],
    [21, 24, 33, 48, 36, 45, 22, 29, 34, 14, 43, 17, 30, 25,  0]
])